         combination total_moves unique_states_count
4152 313113232321131        4200                3920
5704 132312222232231        4200                3920
794  222232231211323        4200                3640
3981 232313133322323        4200                3640
6339 113131313212323        4200                3640
3469 132113112311311        3150                2730
6914 223232312221223        3150                2520
7463 131113321313131        3150                2310
8426 232133222323232        3150                2310
9464 322323212333222        3150                2310
